#' Custom palette with small modification to Dark2.
#'
#' @export
palette_bergr <- c("#D95F02", "#1B9E77", "#7570B3", "#E7298A", "#66A61E", "#E6AB02", "#A6761D", "#666666")
